b = [0.27 0.25 3.33]';
w = Q'*b;
x_b = R \ w
%x_b =
%
%   7.0089
%  -8.3957
