%Output
A =

   2   4  -2
   4   9  -3
  -2  -1   7

b =

    2
    8
   10

x =

  -7
   4
   0

