%Output
c =

   2
   8
  -6

y =

  -31
   12
   -8

