w =

   3.00000
   0.33333
   2.33333

